Number of clients: 1
7
Number of clients: 2
3
3
Number of clients: 3
4
4
4
Number of clients: 10
7
7
7
7
7
7
7
7
7
7
Number of clients: 10
7
7
7
7
7
7
7
7
7
7
Number of clients: 10
7
7
7
7
6
7
7
7
7
7
7
7
7
7
7
7
7
6
7
7
Number of clients: 12
124
162
162
165
164
197
199
205
205
205
205
237
46
46
50
81
50
81
83
84
83
84
84
86
44
47
46
46
47
48
46
45
47
72
74
73
45
77
77
78
81
81
81
83
82
81
82
84
Number of clients: 12
8
8
8
9
9
10
9
10
9
9
9
9
Number of clients: 20
Number of clients: 20
11
11
12
12
12
12
12
12
12
12
12
11
11
12
12
12
11
11
12
Number of clients: 100
Number of clients: 100
5
5
5
5
6
6
8
25
32
33
34
34
35
38
38
37
39
38
37
38
39
39
38
39
39
38
40
35
38
42
40
35
41
37
39
35
41
42
39
38
36
39
40
41
36
37
39
37
41
36
35
36
40
39
37
43
42
37
37
37
42
39
37
37
37
37
43
37
38
40
38
43
42
40
41
38
39
38
39
40
37
40
39
38
38
37
38
41
38
38
38
38
38
43
39
41
38
40
44
38
Number of clients: 200
7
8
8
12
15
16
16
19
21
23
23
24
24
27
26
30
30
29
30
31
35
34
35
34
44
45
46
50
48
48
52
51
50
56
56
57
54
58
60
59
60
60
59
56
57
59
58
60
61
59
62
59
59
57
54
61
58
59
60
55
60
60
56
59
58
59
56
55
54
57
57
61
58
58
56
57
58
57
60
61
58
61
53
59
53
55
59
58
63
55
56
61
55
54
55
59
54
63
54
56
63
55
56
55
55
61
57
55
56
57
56
56
60
58
53
58
58
50
54
56
53
55
50
58
57
53
53
53
37
37
50
40
37
54
50
51
50
40
49
50
49
50
54
38
50
42
38
38
50
50
38
49
53
52
54
44
38
53
46
46
52
37
46
44
43
39
40
37
42
37
38
41
35
40
47
46
41
48
39
39
41
32
37
35
32
40
36
40
31
31
39
37
32
33
38
31
37
32
32
32
